10 10 2 100 100 10 0.9 0.0
gen	nevals	average 	median   	worst    	best
0  	100   	0.146833	0.0833333	0.0833333	1
1  	100   	0.30025 	0.0833333	0.0833333	1
2  	88    	0.482068	0.25     	0.0833333	1
3  	92    	0.654667	1        	0.0833333	1
4  	84    	0.85875 	1        	0.0833333	1
5  	88    	0.898667	1        	0.0833333	1
6  	80    	0.914167	1        	0.0833333	1
7  	96    	0.866667	1        	0.0833333	1
8  	90    	0.943333	1        	0.0833333	1
9  	88    	0.860333	1        	0.0833333	1
10 	86    	0.911167	1        	0.0833333	1
11 	86    	0.940833	1        	0.0833333	1
12 	86    	0.912357	1        	0.0833333	1
13 	94    	0.948333	1        	0.0833333	1
14 	92    	0.905   	1        	0.0833333	1
15 	90    	0.94    	1        	0.0833333	1
16 	92    	0.974167	1        	0.0833333	1
17 	98    	0.9325  	1        	0.0833333	1
18 	84    	0.967   	1        	0.0833333	1
19 	92    	0.967917	1        	0.0833333	1
20 	84    	0.934167	1        	0.0833333	1
21 	94    	0.915833	1        	0.0833333	1
22 	88    	0.9415  	1        	0.0833333	1
23 	88    	0.955   	1        	0.0833333	1
24 	88    	0.918333	1        	0.0833333	1
25 	98    	0.990833	1        	0.0833333	1
26 	94    	0.950333	1        	0.0833333	1
27 	94    	0.979   	1        	0.2      	1
28 	88    	0.976167	1        	0.166667 	1
29 	94    	0.966667	1        	0.0833333	1
30 	90    	0.982833	1        	0.0833333	1
31 	94    	0.992   	1        	0.2      	1
32 	96    	0.951167	1        	0.0833333	1
33 	88    	1       	1        	1        	1
34 	94    	0.9845  	1        	0.2      	1
35 	90    	0.9775  	1        	0.0833333	1
36 	96    	0.976667	1        	0.0833333	1
37 	92    	0.993333	1        	0.333333 	1
38 	86    	0.960595	1        	0.0833333	1
39 	94    	1       	1        	1        	1
40 	94    	0.977262	1        	0.142857 	1
41 	88    	0.985833	1        	0.25     	1
42 	90    	1       	1        	1        	1
43 	92    	1       	1        	1        	1
44 	94    	1       	1        	1        	1
45 	92    	0.991667	1        	0.166667 	1
46 	94    	0.991667	1        	0.166667 	1
47 	96    	0.9925  	1        	0.25     	1
48 	88    	0.9775  	1        	0.166667 	1
49 	88    	1       	1        	1        	1
50 	90    	0.984167	1        	0.166667 	1
51 	94    	0.976167	1        	0.166667 	1
52 	82    	0.985   	1        	0.166667 	1
53 	88    	0.993333	1        	0.333333 	1
54 	84    	1       	1        	1        	1
55 	88    	1       	1        	1        	1
56 	90    	1       	1        	1        	1
57 	98    	1       	1        	1        	1
58 	94    	1       	1        	1        	1
59 	94    	1       	1        	1        	1
60 	94    	1       	1        	1        	1
61 	94    	0.993333	1        	0.333333 	1
62 	90    	0.975417	1        	0.125    	1
63 	88    	1       	1        	1        	1
64 	94    	1       	1        	1        	1
65 	94    	1       	1        	1        	1
66 	88    	1       	1        	1        	1
67 	94    	1       	1        	1        	1
68 	94    	0.991667	1        	0.166667 	1
69 	92    	1       	1        	1        	1
70 	90    	1       	1        	1        	1
71 	92    	1       	1        	1        	1
72 	96    	1       	1        	1        	1
73 	86    	1       	1        	1        	1
74 	96    	1       	1        	1        	1
75 	92    	1       	1        	1        	1
76 	90    	0.984167	1        	0.166667 	1
77 	90    	0.993333	1        	0.333333 	1
78 	90    	1       	1        	1        	1
79 	96    	1       	1        	1        	1
80 	88    	1       	1        	1        	1
81 	96    	1       	1        	1        	1
82 	88    	1       	1        	1        	1
83 	94    	1       	1        	1        	1
84 	94    	1       	1        	1        	1
85 	88    	1       	1        	1        	1
86 	88    	0.993333	1        	0.333333 	1
87 	90    	0.985333	1        	0.2      	1
88 	90    	1       	1        	1        	1
89 	86    	1       	1        	1        	1
90 	90    	1       	1        	1        	1
91 	84    	1       	1        	1        	1
92 	86    	1       	1        	1        	1
93 	98    	0.9775  	1        	0.166667 	1
94 	92    	1       	1        	1        	1
95 	84    	1       	1        	1        	1
96 	98    	0.984167	1        	0.166667 	1
97 	92    	1       	1        	1        	1
98 	90    	1       	1        	1        	1
99 	82    	1       	1        	1        	1
100	96    	1       	1        	1        	1
prog2(move, prog2(movepri(), prog2(move, reveal_all)))
Agent at: (0,0) With board of size 10x10 and 2 bombs
0️0️0️0️0️0️0️0️0️0️
1️⃣1️⃣1️⃣0️0️0️0️0️0️0️
⏹️⏹️1️⃣0️0️0️0️0️0️0️
1️⃣1️⃣1️⃣0️0️1️⃣1️⃣1️⃣0️0️
0️0️0️0️0️1️⃣⏹️1️⃣0️0️
0️0️0️0️0️1️⃣1️⃣1️⃣0️0️
0️0️0️0️0️0️0️0️0️0️
0️0️0️0️0️0️0️0️0️0️
0️0️0️0️0️0️0️0️0️0️
0️0️0️0️0️0️0️0️0️0️
Agent at: (2,2) With board of size 10x10 and 2 bombs
0️0️0️0️0️0️0️0️0️0️
1️⃣1️⃣1️⃣0️0️0️0️0️0️0️
⏹️☪️1️⃣0️0️0️0️0️0️0️
1️⃣1️⃣1️⃣0️0️1️⃣1️⃣1️⃣0️0️
0️0️0️0️0️1️⃣⏹️1️⃣0️0️
0️0️0️0️0️1️⃣1️⃣1️⃣0️0️
0️0️0️0️0️0️0️0️0️0️
0️0️0️0️0️0️0️0️0️0️
0️0️0️0️0️0️0️0️0️0️
0️0️0️0️0️0️0️0️0️0️
