10 10 10 100 100 10 0.9 0.0
gen	nevals	average   	median    	worst    	best
0  	100   	0.00209471	0.00193798	0.0019305	0.00390625
1  	100   	0.00226186	0.00193798	0.0019305	0.0047619
2  	84    	0.00250895	0.00223964	0.0019305	0.00900901
3  	88    	0.00286142	0.00254453	0.0019305	0.00900901
4  	84    	0.00311961	0.00279721	0.0019305	0.00645161
5  	92    	0.00343876	0.00341881	0.0019305	0.00684932
6  	84    	0.00357494	0.00369004	0.0019305	0.00757576
7  	92    	0.00355203	0.00382422	0.0019305	0.00598802
8  	84    	0.00394492	0.00409   	0.0019305	0.00671141
9  	88    	0.00389596	0.00401606	0.0019305	0.00671141
10 	88    	0.00398998	0.00416667	0.0019305	0.00689655
11 	90    	0.00384471	0.004     	0.0019305	0.00689655
12 	76    	0.00420148	0.00431984	0.0019305	0.00704225
13 	96    	0.00427012	0.00420168	0.0019305	0.00813008
14 	86    	0.00449844	0.00440529	0.0019305	0.00877193
15 	86    	0.00457503	0.00457668	0.0019305	0.00877193
16 	88    	0.00451215	0.0045147 	0.0019305	0.00877193
17 	92    	0.00464895	0.00468387	0.0019305	0.00877193
18 	76    	0.00496866	0.00485483	0.0019305	0.0107527
19 	90    	0.00513101	0.00527708	0.0019305	0.00877193
20 	88    	0.00534768	0.00549451	0.0019305	0.00877193
21 	92    	0.00526118	0.00523575	0.0019305	0.0107527
22 	86    	0.00516985	0.00543623	0.0019305	0.00917431
23 	86    	0.00517022	0.00526316	0.0019305	0.00917431
24 	92    	0.0055725 	0.00552486	0.0019305	0.010101
25 	88    	0.00519111	0.00547982	0.0019305	0.010101
26 	88    	0.00507053	0.00512821	0.0019305	0.00769231
27 	84    	0.00520649	0.00524938	0.0019305	0.0106383
28 	86    	0.00541837	0.00571447	0.0019305	0.0102041
29 	94    	0.00537729	0.00579754	0.0019305	0.0102041
30 	84    	0.00553138	0.00569916	0.0019305	0.0102041
31 	94    	0.00551075	0.00573108	0.0019305	0.01
32 	86    	0.00586907	0.00609756	0.0019305	0.010101
33 	90    	0.00605848	0.0061539 	0.0019305	0.01
34 	84    	0.00647656	0.00638984	0.0019305	0.01
35 	90    	0.00609862	0.00609779	0.0019305	0.010101
36 	96    	0.00621656	0.0060241 	0.0019305	0.01
37 	94    	0.00602153	0.0061539 	0.0019305	0.0102041
38 	92    	0.00654735	0.00671171	0.0019305	0.01
39 	88    	0.00638065	0.00634927	0.0019305	0.01
40 	90    	0.00671904	0.00666667	0.0019305	0.01
41 	90    	0.00690924	0.00662281	0.0019305	0.010101
42 	92    	0.00660556	0.00634978	0.0019305	0.01
43 	94    	0.00676221	0.00645161	0.0019305	0.01
44 	94    	0.00725308	0.00700534	0.0019305	0.0104167
45 	88    	0.00696669	0.00619248	0.0019305	0.01
46 	90    	0.00817903	0.00970874	0.0019305	0.0104167
47 	84    	0.00788948	0.00970874	0.0019305	0.0104167
48 	90    	0.00915283	0.01      	0.0019305	0.0104167
49 	84    	0.0086079 	0.01      	0.00333333	0.0104167
50 	90    	0.00861457	0.01      	0.0019305 	0.0104167
51 	94    	0.00807459	0.01      	0.0019305 	0.0104167
52 	92    	0.00881503	0.01      	0.0019305 	0.0104167
53 	84    	0.00904219	0.0104167 	0.0019305 	0.0104167
54 	90    	0.00889561	0.0104167 	0.0019305 	0.0104167
55 	84    	0.0089649 	0.0104167 	0.0019305 	0.0104167
56 	94    	0.00811719	0.01      	0.0019305 	0.0104167
57 	90    	0.00846985	0.01      	0.0019305 	0.0104167
58 	96    	0.0081324 	0.00970874	0.0019305 	0.0104167
59 	92    	0.00793964	0.00934579	0.0019305 	0.0104167
60 	88    	0.00823585	0.01      	0.0019305 	0.0104167
61 	92    	0.00789958	0.00952727	0.0019305 	0.0104167
62 	94    	0.00847548	0.01      	0.0019305 	0.0104167
63 	90    	0.00816836	0.00985437	0.0019305 	0.0104167
64 	98    	0.0081856 	0.00980486	0.0019305 	0.0104167
65 	90    	0.00881117	0.01      	0.0019305 	0.0104167
66 	92    	0.00845041	0.01      	0.0019305 	0.0104167
67 	86    	0.00827225	0.01      	0.0019305 	0.0104167
68 	92    	0.00782307	0.00934579	0.0019305 	0.0104167
69 	84    	0.00869736	0.01      	0.0019305 	0.0104167
70 	86    	0.00848398	0.01      	0.0019305 	0.0104167
71 	94    	0.0088544 	0.01      	0.0019305 	0.0104167
72 	94    	0.00885493	0.0104167 	0.0019305 	0.0104167
73 	90    	0.00811577	0.00990196	0.0019305 	0.0104167
74 	92    	0.00828981	0.01      	0.0019305 	0.0104167
75 	90    	0.00871886	0.01      	0.0019305 	0.0104167
76 	92    	0.00877624	0.01      	0.0019305 	0.0104167
77 	92    	0.00749912	0.00934579	0.0019305 	0.0104167
78 	90    	0.00852017	0.01      	0.0019305 	0.0104167
79 	88    	0.00876007	0.01      	0.0019305 	0.0104167
80 	96    	0.00862062	0.01      	0.0019305 	0.0104167
81 	98    	0.00835563	0.01      	0.0019305 	0.0104167
82 	90    	0.00820124	0.00970874	0.0019305 	0.0104167
83 	88    	0.00866551	0.01      	0.0019305 	0.0104167
84 	94    	0.00861038	0.01      	0.0019305 	0.0104167
85 	92    	0.00844129	0.01      	0.0019305 	0.0104167
86 	84    	0.0082325 	0.01      	0.0019305 	0.0104167
87 	92    	0.00772256	0.00934579	0.0019305 	0.0104167
88 	94    	0.00723863	0.00641447	0.0019305 	0.0104167
89 	94    	0.007702  	0.00760995	0.0019305 	0.0104167
90 	92    	0.0078535 	0.00970874	0.0019305 	0.0104167
91 	90    	0.00808418	0.01      	0.0019305 	0.0104167
92 	88    	0.00879376	0.01      	0.0019305 	0.0104167
93 	90    	0.00836081	0.01      	0.0019305 	0.0104167
94 	92    	0.00895112	0.01      	0.0019305 	0.0104167
95 	94    	0.00887119	0.01      	0.0019305 	0.0104167
96 	88    	0.00913517	0.0104167 	0.0019305 	0.0104167
97 	90    	0.00785903	0.00934579	0.0019305 	0.0104167
98 	90    	0.00853155	0.01      	0.0019305 	0.0104167
99 	86    	0.00887032	0.0104167 	0.00306748	0.0104167
100	88    	0.00840596	0.0102083 	0.0019305 	0.0104167
prog2(move, all_safe(all_bombs(flag_all, reveal_all), prog2(move, prog2(move, prog2(move, prog2(move, all_safe(all_bombs(flag_all, reveal_all), prog2(move, prog2(move, prog2(move, flag_all))))))))))
Agent at: (0,0) With board of size 10x10 and 10 bombs
0️0️0️0️0️0️0️1️⃣⏹️⏹️
1️⃣1️⃣1️⃣0️0️1️⃣1️⃣2️⃣⏹️⏹️
⏹️⏹️1️⃣0️0️1️⃣⏹️⏹️⏹️⏹️
⏹️⏹️1️⃣0️0️2️⃣⏹️⏹️⏹️⏹️
⏹️⏹️2️⃣1️⃣1️⃣1️⃣⏹️⏹️⏹️⏹️
⏹️⏹️⏹️⏹️⏹️⏹️⏹️⏹️⏹️⏹️
⏹️⏹️⏹️⏹️⏹️⏹️⏹️⏹️⏹️⏹️
⏹️⏹️⏹️⏹️⏹️⏹️⏹️⏹️⏹️⏹️
⏹️⏹️⏹️⏹️⏹️⏹️⏹️⏹️⏹️⏹️
⏹️⏹️⏹️⏹️⏹️⏹️⏹️⏹️⏹️⏹️
Agent at: (6,1) With board of size 10x10 and 10 bombs
0️0️0️0️0️0️0️1️⃣✡️✡️
1️⃣1️⃣1️⃣0️0️1️⃣1️⃣2️⃣✡️1️⃣
✡️✡️1️⃣0️0️1️⃣✡️1️⃣0️0️
✡️✡️1️⃣0️0️2️⃣✡️2️⃣0️0️
✡️✡️2️⃣1️⃣1️⃣1️⃣✡️1️⃣0️0️
✡️✡️✡️✡️3️⃣2️⃣1️⃣1️⃣0️0️
1️⃣✡️⏹️✡️✡️1️⃣0️0️0️0️
0️✡️✡️✡️2️⃣1️⃣0️0️1️⃣1️⃣
0️✡️✡️1️⃣0️0️0️0️1️⃣✡️
0️1️⃣1️⃣1️⃣0️0️0️0️1️⃣1️⃣
First with 10 10 10 100 100 10 0.9 0.0 Got 0.0 % with score of 8.47816871555744e-05
Time in seconds:  37063.61123132706 , time in hours:  10.295447564257517
