10 10 2 100 100 10 0.9 0.0
gen	nevals	average 	median   	worst    	best
0  	100   	0.146742	0.0833333	0.0833333	1
1  	100   	0.302565	0.0833333	0.0833333	1
2  	88    	0.489062	0.25     	0.0833333	1
3  	92    	0.686742	1        	0.0833333	1
4  	84    	0.85875 	1        	0.0833333	1
5  	92    	0.885076	1        	0.0833333	1
6  	76    	0.954167	1        	0.0833333	1
7  	92    	0.881667	1        	0.0833333	1
8  	96    	0.881833	1        	0.0833333	1
9  	90    	0.911667	1        	0.0833333	1
10 	88    	0.974167	1        	0.0833333	1
11 	84    	0.925833	1        	0.0833333	1
12 	84    	0.8895  	1        	0.0833333	1
13 	94    	0.94    	1        	0.0833333	1
14 	90    	0.954762	1        	0.0833333	1
15 	84    	0.963333	1        	0.0833333	1
16 	94    	0.965   	1        	0.0833333	1
17 	90    	1       	1        	1        	1
18 	84    	0.9725  	1        	0.0833333	1
19 	90    	0.982262	1        	0.0833333	1
20 	86    	0.9725  	1        	0.0833333	1
21 	94    	0.981667	1        	0.0833333	1
22 	96    	0.991667	1        	0.166667 	1
23 	86    	0.975   	1        	0.0833333	1
24 	92    	0.976429	1        	0.142857 	1
25 	88    	0.965   	1        	0.0833333	1
26 	92    	0.9925  	1        	0.25     	1
27 	90    	0.990833	1        	0.0833333	1
28 	92    	0.965667	1        	0.0833333	1
29 	94    	0.966667	1        	0.0833333	1
30 	88    	0.991667	1        	0.166667 	1
31 	96    	0.991667	1        	0.166667 	1
32 	88    	0.983333	1        	0.0833333	1
33 	92    	0.9675  	1        	0.0833333	1
34 	92    	0.99125 	1        	0.125    	1
35 	92    	0.975833	1        	0.166667 	1
36 	94    	0.9845  	1        	0.2      	1
37 	90    	1       	1        	1        	1
38 	80    	0.993333	1        	0.333333 	1
39 	88    	0.985833	1        	0.25     	1
40 	90    	1       	1        	1        	1
41 	88    	0.99125 	1        	0.125    	1
42 	96    	1       	1        	1        	1
43 	98    	0.976667	1        	0.166667 	1
44 	94    	1       	1        	1        	1
45 	90    	0.9925  	1        	0.25     	1
46 	92    	0.976667	1        	0.166667 	1
47 	98    	1       	1        	1        	1
48 	94    	0.991667	1        	0.166667 	1
49 	94    	1       	1        	1        	1
50 	90    	0.991667	1        	0.166667 	1
51 	92    	0.9925  	1        	0.25     	1
52 	88    	0.985   	1        	0.166667 	1
53 	96    	0.983333	1        	0.166667 	1
54 	94    	0.9925  	1        	0.25     	1
55 	90    	0.993333	1        	0.333333 	1
56 	88    	0.991667	1        	0.166667 	1
57 	92    	1       	1        	1        	1
58 	92    	0.983929	1        	0.142857 	1
59 	98    	1       	1        	1        	1
60 	98    	0.984167	1        	0.166667 	1
61 	94    	1       	1        	1        	1
62 	86    	0.975595	1        	0.142857 	1
63 	90    	1       	1        	1        	1
64 	96    	1       	1        	1        	1
65 	94    	0.985   	1        	0.166667 	1
66 	94    	1       	1        	1        	1
67 	98    	0.991667	1        	0.166667 	1
68 	94    	0.976012	1        	0.125    	1
69 	90    	0.991429	1        	0.142857 	1
70 	90    	0.982857	1        	0.142857 	1
71 	92    	0.975595	1        	0.142857 	1
72 	96    	1       	1        	1        	1
73 	88    	1       	1        	1        	1
74 	92    	0.99125 	1        	0.125    	1
75 	86    	0.967679	1        	0.125    	1
76 	80    	0.9775  	1        	0.166667 	1
77 	88    	0.993333	1        	0.333333 	1
78 	94    	0.984167	1        	0.166667 	1
79 	90    	1       	1        	1        	1
80 	98    	1       	1        	1        	1
81 	88    	1       	1        	1        	1
82 	86    	1       	1        	1        	1
83 	90    	1       	1        	1        	1
84 	98    	1       	1        	1        	1
85 	90    	0.991667	1        	0.166667 	1
86 	88    	0.991667	1        	0.166667 	1
87 	92    	0.984167	1        	0.166667 	1
88 	96    	0.984167	1        	0.166667 	1
89 	88    	1       	1        	1        	1
90 	90    	1       	1        	1        	1
91 	94    	1       	1        	1        	1
92 	90    	0.991667	1        	0.166667 	1
93 	98    	0.975833	1        	0.166667 	1
94 	92    	1       	1        	1        	1
95 	96    	1       	1        	1        	1
96 	94    	1       	1        	1        	1
97 	86    	1       	1        	1        	1
98 	92    	1       	1        	1        	1
99 	88    	0.991429	1        	0.142857 	1
100	96    	1       	1        	1        	1
prog2(move, prog2(movepri(), prog2(move, reveal_all)))
Agent at: (0,0) With board of size 10x10 and 2 bombs
0️0️0️0️0️0️0️0️0️0️
1️⃣1️⃣1️⃣0️0️0️0️0️0️0️
⏹️⏹️1️⃣0️0️0️0️0️0️0️
1️⃣1️⃣1️⃣0️0️1️⃣1️⃣1️⃣0️0️
0️0️0️0️0️1️⃣⏹️1️⃣0️0️
0️0️0️0️0️1️⃣1️⃣1️⃣0️0️
0️0️0️0️0️0️0️0️0️0️
0️0️0️0️0️0️0️0️0️0️
0️0️0️0️0️0️0️0️0️0️
0️0️0️0️0️0️0️0️0️0️
Agent at: (2,2) With board of size 10x10 and 2 bombs
0️0️0️0️0️0️0️0️0️0️
1️⃣1️⃣1️⃣0️0️0️0️0️0️0️
⏹️☪️1️⃣0️0️0️0️0️0️0️
1️⃣1️⃣1️⃣0️0️1️⃣1️⃣1️⃣0️0️
0️0️0️0️0️1️⃣⏹️1️⃣0️0️
0️0️0️0️0️1️⃣1️⃣1️⃣0️0️
0️0️0️0️0️0️0️0️0️0️
0️0️0️0️0️0️0️0️0️0️
0️0️0️0️0️0️0️0️0️0️
0️0️0️0️0️0️0️0️0️0️