10 10 5 100 100 10 0.9 0.0
gen	nevals	average  	median   	worst    	best
0  	100   	0.0341054	0.0238095	0.0238095	0.25
1  	98    	0.110361 	0.0238095	0.0238095	1
2  	76    	0.174194 	0.0690476	0.0238095	1
3  	86    	0.235913 	0.0909091	0.0238095	1
4  	84    	0.354594 	0.133929 	0.0238095	1
5  	92    	0.409428 	0.183333 	0.0238095	1
6  	90    	0.452881 	0.2      	0.0238095	1
7  	94    	0.646488 	1        	0.0238095	1
8  	90    	0.801224 	1        	0.0238095	1
9  	82    	0.787331 	1        	0.0238095	1
10 	94    	0.779277 	1        	0.0238095	1
11 	92    	0.81925  	1        	0.0238095	1
12 	82    	0.841422 	1        	0.0238095	1
13 	92    	0.867763 	1        	0.0238095	1
14 	84    	0.881064 	1        	0.0238095	1
15 	90    	0.869231 	1        	0.0238095	1
16 	92    	0.910766 	1        	0.0238095	1
17 	94    	0.927644 	1        	0.0238095	1
18 	80    	0.915888 	1        	0.0238095	1
19 	90    	0.892277 	1        	0.0238095	1
20 	82    	0.874846 	1        	0.0238095	1
21 	96    	0.896579 	1        	0.0238095	1
22 	80    	0.94597  	1        	0.0238095	1
23 	86    	0.920445 	1        	0.0238095	1
24 	92    	0.875231 	1        	0.0238095	1
25 	94    	0.88573  	1        	0.0238095	1
26 	88    	0.890965 	1        	0.0238095	1
27 	88    	0.926204 	1        	0.0238095	1
28 	94    	0.859944 	1        	0.0238095	1
29 	94    	0.828935 	1        	0.0238095	1
30 	84    	0.817752 	1        	0.0238095	1
31 	86    	0.871888 	1        	0.0238095	1
32 	90    	0.910181 	1        	0.0238095	1
33 	94    	0.870431 	1        	0.0238095	1
34 	84    	0.887428 	1        	0.0238095	1
35 	78    	0.914573 	1        	0.0238095	1
36 	100   	0.873895 	1        	0.0238095	1
37 	94    	0.842271 	1        	0.0238095	1
38 	94    	0.899189 	1        	0.0238095	1
39 	92    	0.891334 	1        	0.0238095	1
40 	90    	0.90188  	1        	0.0238095	1
41 	86    	0.922064 	1        	0.0238095	1
42 	88    	0.944068 	1        	0.0238095	1
43 	94    	0.945466 	1        	0.0238095	1
44 	92    	0.929531 	1        	0.0238095	1
45 	92    	0.899358 	1        	0.0238095	1
46 	90    	0.877497 	1        	0.0238095	1
47 	86    	0.907712 	1        	0.0238095	1
48 	90    	0.942241 	1        	0.0526316	1
49 	94    	0.831105 	1        	0.0238095	1
50 	92    	0.91001  	1        	0.0238095	1
51 	94    	0.8329   	1        	0.0238095	1
52 	88    	0.860739 	1        	0.0238095	1
53 	92    	0.862927 	1        	0.0555556	1
54 	90    	0.878584 	1        	0.0238095	1
55 	82    	0.921032 	1        	0.0238095	1
56 	98    	0.889096 	1        	0.0238095	1
57 	86    	0.884246 	1        	0.0238095	1
58 	90    	0.863886 	1        	0.0238095	1
59 	86    	0.904452 	1        	0.0238095	1
60 	86    	0.903002 	1        	0.0238095	1
61 	90    	0.875492 	1        	0.0238095	1
62 	92    	0.867702 	1        	0.0238095	1
63 	94    	0.924123 	1        	0.0238095	1
64 	88    	0.938744 	1        	0.0238095	1
65 	92    	0.946912 	1        	0.0238095	1
66 	92    	0.937081 	1        	0.0238095	1
67 	88    	0.922453 	1        	0.047619 	1
68 	96    	0.964008 	1        	0.0285714	1
69 	94    	0.94332  	1        	0.0238095	1
70 	88    	0.925558 	1        	0.0238095	1
71 	92    	0.968923 	1        	0.025641 	1
72 	90    	0.972898 	1        	0.0322581	1
73 	88    	0.943434 	1        	0.0238095	1
74 	96    	0.936955 	1        	0.0238095	1
75 	96    	0.911626 	1        	0.0238095	1
76 	92    	0.947571 	1        	0.0238095	1
77 	98    	0.927065 	1        	0.0285714	1
78 	88    	0.984242 	1        	0.0909091	1
79 	90    	1        	1        	1        	1
80 	94    	0.949016 	1        	0.0294118	1
81 	92    	0.981204 	1        	0.0434783	1
82 	84    	0.954284 	1        	0.0238095	1
83 	92    	0.910391 	1        	0.0238095	1
84 	86    	0.94881  	1        	0.0238095	1
85 	96    	0.928297 	1        	0.025641 	1
86 	90    	0.919349 	1        	0.0344828	1
87 	90    	0.907283 	1        	0.0555556	1
88 	84    	0.928068 	1        	0.0238095	1
89 	94    	0.928503 	1        	0.0238095	1
90 	96    	0.862036 	1        	0.0238095	1
91 	86    	0.890775 	1        	0.0238095	1
92 	90    	0.948534 	1        	0.0625   	1
93 	92    	0.872519 	1        	0.0238095	1
94 	94    	0.976422 	1        	0.0588235	1
95 	82    	0.937791 	1        	0.0285714	1
96 	88    	0.945203 	1        	0.0238095	1
97 	92    	0.934525 	1        	0.0238095	1
98 	98    	0.892772 	1        	0.025641 	1
99 	88    	0.921782 	1        	0.0285714	1
100	92    	0.982625 	1        	0.0625   	1
prog2(move, all_bombs(reveal_all, reveal_all))
Agent at: (0,0) With board of size 10x10 and 5 bombs
0️0️0️0️0️0️0️0️0️0️
1️⃣1️⃣1️⃣0️0️0️0️0️0️0️
⏹️⏹️1️⃣0️0️0️0️0️0️0️
⏹️⏹️1️⃣0️0️1️⃣1️⃣1️⃣0️0️
⏹️⏹️1️⃣0️0️1️⃣⏹️1️⃣0️0️
⏹️⏹️2️⃣1️⃣1️⃣1️⃣1️⃣1️⃣0️0️
⏹️⏹️⏹️⏹️1️⃣0️0️0️0️0️
⏹️⏹️⏹️2️⃣1️⃣0️0️0️0️0️
⏹️⏹️⏹️1️⃣0️0️0️0️0️0️
⏹️⏹️⏹️1️⃣0️0️0️0️0️0️
Agent at: (1,2) With board of size 10x10 and 5 bombs
0️0️0️0️0️0️0️0️0️0️
1️⃣1️⃣1️⃣0️0️0️0️0️0️0️
⏹️☪️1️⃣0️0️0️0️0️0️0️
⏹️⏹️1️⃣0️0️1️⃣1️⃣1️⃣0️0️
⏹️⏹️1️⃣0️0️1️⃣⏹️1️⃣0️0️
⏹️⏹️2️⃣1️⃣1️⃣1️⃣1️⃣1️⃣0️0️
⏹️⏹️⏹️⏹️1️⃣0️0️0️0️0️
⏹️⏹️⏹️2️⃣1️⃣0️0️0️0️0️
⏹️⏹️⏹️1️⃣0️0️0️0️0️0️
⏹️⏹️⏹️1️⃣0️0️0️0️0️0️
