C:\Users\WIN10\AppData\Local\Programs\Python\Python37-32\python.exe C:\Users\WIN10\AppData\Local\JetBrains\Toolbox\apps\PyCharm-P\ch-0\193.5662.61\plugins\python\helpers\pydev\pydevconsole.py --mode=client --port=8127
import sys; print('Python %s on %s' % (sys.version, sys.platform))
sys.path.extend(['C:\\Users\\WIN10\\Documents\\Evolutionary\\EA-Project', 'C:/Users/WIN10/Documents/Evolutionary/EA-Project'])
Python 3.7.3 (v3.7.3:ef4ec6ed12, Mar 25 2019, 21:26:53) [MSC v.1916 32 bit (Intel)]
Type 'copyright', 'credits' or 'license' for more information
IPython 7.9.0 -- An enhanced Interactive Python. Type '?' for help.
PyDev console: using IPython 7.9.0
Python 3.7.3 (v3.7.3:ef4ec6ed12, Mar 25 2019, 21:26:53) [MSC v.1916 32 bit (Intel)] on win32
In[2]: runfile('C:/Users/WIN10/Documents/Evolutionary/EA-Project/Ex2.py', wdir='C:/Users/WIN10/Documents/Evolutionary/EA-Project')
6 6 10 100 1000 10 0.9 0.0
gen	nevals	average  	median    	worst     	best
0  	1000  	0.0045891	0.00414938	0.00383142	0.00909091
1  	886   	0.0052303	0.00471698	0.00383142	0.0113636
2  	896   	0.00597887	0.00568182	0.00383142	0.0113636
3  	908   	0.00663515	0.00704225	0.00383142	0.0151515
4  	906   	0.00688893	0.0070922 	0.00383142	0.0151515
5  	914   	0.00710939	0.00735294	0.00383142	0.0151515
6  	902   	0.0073337 	0.00735294	0.00383142	0.0151515
7  	900   	0.00750448	0.00735294	0.00383142	0.0151515
8  	912   	0.00762305	0.00735294	0.00383142	0.0175439
9  	896   	0.00782994	0.00740741	0.00383142	0.0151515
10 	910   	0.00828029	0.00760467	0.00383142	0.0178571
11 	918   	0.00862377	0.00900901	0.00383142	0.0178571
12 	904   	0.00888504	0.00909091	0.00398406	0.0178571
13 	904   	0.00932207	0.00917431	0.00398406	0.0178571
14 	912   	0.0097245 	0.00917431	0.00398406	0.0178571
15 	890   	0.0103935 	0.0104715 	0.00398406	0.0178571
16 	902   	0.0109396 	0.0118347 	0.00398406	0.0178571
17 	886   	0.0113584 	0.012987  	0.00398406	0.0178571
18 	892   	0.0116002 	0.012987  	0.00398406	0.0178571
19 	910   	0.0119184 	0.012987  	0.00383142	0.0178571
20 	904   	0.0118035 	0.012987  	0.00398406	0.0178571
21 	884   	0.0121391 	0.012987  	0.00398406	0.0178571
22 	914   	0.0120892 	0.012987  	0.00398406	0.0178571
23 	892   	0.0120279 	0.012987  	0.00398406	0.0178571
24 	902   	0.0119193 	0.012987  	0.00398406	0.0178571
25 	890   	0.011792  	0.012987  	0.00398406	0.0178571
26 	890   	0.0116775 	0.0128205 	0.00398406	0.0178571
27 	876   	0.0119046 	0.012987  	0.00398406	0.0178571
28 	912   	0.0115981 	0.0128205 	0.00398406	0.0178571
29 	894   	0.0120818 	0.012987  	0.00398406	0.0178571
30 	912   	0.011747  	0.0128205 	0.00398406	0.0178571
31 	894   	0.0119996 	0.0128205 	0.00398406	0.0178571
32 	912   	0.0121288 	0.0128205 	0.00398406	0.0178571
33 	886   	0.0127407 	0.012987  	0.00398406	0.0178571
34 	906   	0.0124937 	0.012987  	0.00398406	0.0178571
35 	912   	0.0123544 	0.0128205 	0.00398406	0.0178571
36 	894   	0.0128162 	0.012987  	0.00398406	0.0178571
37 	874   	0.01298   	0.012987  	0.00398406	0.0178571
38 	912   	0.0130927 	0.012987  	0.00398406	0.0178571
39 	912   	0.0132237 	0.012987  	0.00414938	0.0178571
40 	912   	0.0133689 	0.012987  	0.00398406	0.0178571
41 	920   	0.0133388 	0.012987  	0.00436681	0.0178571
42 	906   	0.0136067 	0.012987  	0.00431034	0.0178571
43 	892   	0.0139597 	0.0151515 	0.00440529	0.0178571
44 	904   	0.0138546 	0.0151515 	0.00398406	0.0178571
45 	898   	0.0144693 	0.0178571 	0.00398406	0.0178571
46 	880   	0.0145132 	0.0178571 	0.00444444	0.0178571
47 	902   	0.0145541 	0.0178571 	0.00444444	0.0178571
48 	894   	0.0145715 	0.0178571 	0.00444444	0.0178571
49 	902   	0.0142811 	0.0178571 	0.00442478	0.0178571
50 	900   	0.0146053 	0.0178571 	0.00398406	0.0178571
51 	884   	0.0149212 	0.0178571 	0.00478469	0.0178571
52 	892   	0.0148135 	0.0178571 	0.00398406	0.0178571
53 	920   	0.0148609 	0.0178571 	0.00398406	0.0178571
54 	888   	0.0148847 	0.0178571 	0.00442478	0.0178571
55 	904   	0.0150052 	0.0178571 	0.00446429	0.0178571
56 	898   	0.0147206 	0.0178571 	0.00398406	0.0178571
57 	892   	0.0147642 	0.0178571 	0.00444444	0.0178571
58 	904   	0.0147643 	0.0178571 	0.00444444	0.0178571
59 	930   	0.0147617 	0.0178571 	0.00444444	0.0178571
60 	900   	0.0150546 	0.0178571 	0.00465116	0.0178571
61 	918   	0.0151183 	0.0178571 	0.00444444	0.0178571
62 	892   	0.0152286 	0.0178571 	0.00444444	0.0178571
63 	908   	0.0148226 	0.0178571 	0.00444444	0.0178571
64 	924   	0.0148902 	0.0178571 	0.00398406	0.0178571
65 	878   	0.0152534 	0.0178571 	0.00465116	0.0178571
66 	866   	0.0150299 	0.0178571 	0.00444444	0.0178571
67 	922   	0.0148845 	0.0178571 	0.00398406	0.0178571
68 	888   	0.0152974 	0.0178571 	0.00444444	0.0178571
69 	890   	0.014944  	0.0178571 	0.00456621	0.0178571
70 	922   	0.0150859 	0.0178571 	0.00404858	0.0178571
71 	888   	0.0152191 	0.0178571 	0.00398406	0.0178571
72 	914   	0.0156096 	0.0178571 	0.00444444	0.0178571
73 	890   	0.0157556 	0.0178571 	0.00444444	0.0178571
74 	886   	0.0158225 	0.0178571 	0.00444444	0.0178571
75 	884   	0.0157851 	0.0178571 	0.00471698	0.0178571
76 	872   	0.0157554 	0.0178571 	0.00471698	0.0178571
77 	880   	0.0160191 	0.0178571 	0.00471698	0.0178571
78 	904   	0.0157521 	0.0178571 	0.00398406	0.0178571
79 	886   	0.0159489 	0.0178571 	0.00471698	0.0178571
80 	890   	0.0158501 	0.0178571 	0.00444444	0.0178571
81 	906   	0.0160139 	0.0178571 	0.00444444	0.0178571
82 	886   	0.0159252 	0.0178571 	0.00444444	0.0178571
83 	898   	0.0158821 	0.0178571 	0.00444444	0.0178571
84 	884   	0.0157328 	0.0178571 	0.00465116	0.0178571
85 	906   	0.0159303 	0.0178571 	0.00398406	0.0178571
86 	894   	0.0161442 	0.0178571 	0.00444444	0.0178571
87 	908   	0.0158105 	0.0178571 	0.00398406	0.0178571
88 	914   	0.0159656 	0.0178571 	0.00444444	0.0178571
89 	910   	0.0160498 	0.0178571 	0.00526316	0.0178571
90 	904   	0.0161277 	0.0178571 	0.00471698	0.0178571
91 	874   	0.0160043 	0.0178571 	0.00444444	0.0178571
92 	902   	0.0161    	0.0178571 	0.00444444	0.0178571
93 	884   	0.0160537 	0.0178571 	0.00444444	0.0178571
94 	908   	0.015748  	0.0178571 	0.00444444	0.0178571
95 	918   	0.0160088 	0.0178571 	0.00444444	0.0178571
96 	882   	0.0158184 	0.0178571 	0.00444444	0.0212766
97 	894   	0.0158494 	0.0178571 	0.00444444	0.0178571
98 	894   	0.0158287 	0.0178571 	0.00444444	0.0178571
99 	912   	0.0159779 	0.0178571 	0.00398406	0.0178571
100	906   	0.0159994 	0.0178571 	0.00444444	0.0178571
prog2(move, all_bombs(prog2(move, reveal_all), all_safe(prog2(movepri(), prog2(move, prog2(move, all_bombs(flag_all, prog2(move, flag_all))))), all_safe(all_bombs(all_bombs(prog2(move, prog2(move, flag_all)), all_bombs(prog2(move, all_bombs(reveal_all, prog2(move, flag_all))), prog2(move, prog2(move, all_bombs(prog2(move, flag_all), prog2(move, prog2(move, prog2(move, all_bombs(flag_all, prog2(move, flag_all)))))))))), prog2(move, all_bombs(prog2(move, all_bombs(reveal_all, prog2(move, all_bombs(all_bombs(prog2(move, prog2(move, all_bombs(all_bombs(prog2(move, flag_all), reveal_all), prog2(move, flag_all)))), all_safe(prog2(move, flag_all), flag_all)), prog2(move, prog2(move, flag_all)))))), all_safe(prog2(move, all_bombs(prog2(move, prog2(move, prog2(move, flag_all))), all_safe(prog2(move, prog2(move, flag_all)), prog2(move, all_bombs(prog2(move, flag_all), prog2(move, flag_all)))))), all_safe(prog2(move, prog2(move, prog2(move, flag_all))), prog2(move, prog2(move, flag_all))))))), prog2(move, prog2(move, flag_all))))))
Agent at: (0,0) With board of size 6x6 and 10 bombs
⏹️⏹️⏹️⏹️⏹️⏹️
⏹️⏹️⏹️⏹️⏹️⏹️
⏹️⏹️⏹️⏹️⏹️⏹️
⏹️⏹️⏹️⏹️⏹️⏹️
⏹️⏹️⏹️⏹️⏹️⏹️
⏹️⏹️⏹️⏹️⏹️⏹️
Agent at: (4,3) With board of size 6x6 and 10 bombs
0️0️0️0️2️⃣⏹️
0️0️0️0️2️⃣⏹️
1️⃣1️⃣1️⃣0️1️⃣1️⃣
⏹️⏹️3️⃣1️⃣0️0️
⏹️⏹️☪️4️⃣2️⃣1️⃣
⏹️⏹️⏹️⏹️⏹️⏹️
