10 10 2 100 100 10 0.9 0.0
gen	nevals	average  	median   	worst    	best
0  	100   	0.0836364	0.0833333	0.0833333	0.0909091
1  	92    	0.0941061	0.0833333	0.0833333	1
2  	94    	0.103975 	0.0833333	0.0833333	1
3  	88    	0.143682 	0.0833333	0.0833333	1
4  	88    	0.152504 	0.0833333	0.0833333	1
5  	84    	0.22725  	0.0833333	0.0833333	1
6  	92    	0.422674 	0.2      	0.0833333	1
7  	90    	0.696795 	1        	0.0833333	1
8  	90    	0.851263 	1        	0.0833333	1
9  	86    	0.834788 	1        	0.0833333	1
10 	86    	0.909116 	1        	0.0833333	1
11 	92    	0.844308 	1        	0.0833333	1
12 	96    	0.885788 	1        	0.0833333	1
13 	90    	0.894697 	1        	0.0833333	1
14 	84    	0.907803 	1        	0.0833333	1
15 	92    	0.91702  	1        	0.0833333	1
16 	86    	0.844167 	1        	0.0833333	1
17 	90    	0.894066 	1        	0.0833333	1
18 	88    	0.912136 	1        	0.0833333	1
19 	96    	0.909596 	1        	0.0833333	1
20 	90    	0.877045 	1        	0.0833333	1
21 	90    	0.89303  	1        	0.0833333	1
22 	82    	0.943561 	1        	0.0833333	1
23 	86    	0.907414 	1        	0.0833333	1
24 	92    	0.912803 	1        	0.0833333	1
25 	86    	0.867247 	1        	0.0833333	1
26 	86    	0.908434 	1        	0.0833333	1
27 	96    	0.895025 	1        	0.0833333	1
28 	96    	0.909192 	1        	0.0833333	1
29 	84    	0.9625   	1        	0.0833333	1
30 	92    	0.913081 	1        	0.0833333	1
31 	90    	0.920379 	1        	0.0833333	1
32 	86    	0.922525 	1        	0.0833333	1
33 	78    	0.976818 	1        	0.0909091	1
34 	88    	0.886101 	1        	0.0833333	1
35 	96    	0.891364 	1        	0.0833333	1
36 	92    	0.908879 	1        	0.0833333	1
37 	92    	0.954561 	1        	0.0833333	1
38 	88    	0.976742 	1        	0.0833333	1
39 	90    	0.91351  	1        	0.0833333	1
40 	94    	0.874167 	1        	0.0833333	1
41 	96    	0.900884 	1        	0.0909091	1
42 	86    	0.936338 	1        	0.0833333	1
43 	94    	0.990833 	1        	0.0833333	1
44 	80    	0.935545 	1        	0.0909091	1
45 	94    	0.954545 	1        	0.0909091	1
46 	88    	0.921288 	1        	0.0833333	1
47 	84    	0.945379 	1        	0.0833333	1
48 	96    	0.962652 	1        	0.0833333	1
49 	94    	0.92697  	1        	0.0833333	1
50 	78    	0.963561 	1        	0.0833333	1
51 	90    	0.972576 	1        	0.0833333	1
52 	96    	0.954545 	1        	0.0909091	1
53 	94    	0.930038 	1        	0.0909091	1
54 	94    	0.972652 	1        	0.0833333	1
55 	96    	0.949561 	1        	0.0833333	1
56 	80    	0.972652 	1        	0.0833333	1
57 	96    	0.972727 	1        	0.0909091	1
58 	86    	0.972652 	1        	0.0833333	1
59 	94    	0.895646 	1        	0.0833333	1
60 	86    	0.922399 	1        	0.0833333	1
61 	92    	0.967652 	1        	0.0833333	1
62 	92    	0.965227 	1        	0.0909091	1
63 	88    	0.963561 	1        	0.0833333	1
64 	88    	0.942803 	1        	0.0833333	1
65 	94    	0.936263 	1        	0.0833333	1
66 	92    	0.963485 	1        	0.0833333	1
67 	92    	0.95447  	1        	0.0833333	1
68 	88    	0.967576 	1        	0.0833333	1
69 	94    	1        	1        	1        	1
70 	86    	0.968131 	1        	0.0909091	1
71 	94    	0.949747 	1        	0.0909091	1
72 	90    	0.949672 	1        	0.0833333	1
73 	92    	0.95447  	1        	0.0833333	1
74 	94    	0.958561 	1        	0.0833333	1
75 	96    	0.972727 	1        	0.0909091	1
76 	88    	0.967652 	1        	0.0833333	1
77 	92    	0.954394 	1        	0.0833333	1
78 	96    	0.972727 	1        	0.0909091	1
79 	82    	0.972727 	1        	0.0909091	1
80 	92    	0.981742 	1        	0.0833333	1
81 	90    	0.963727 	1        	0.0909091	1
82 	92    	0.976742 	1        	0.0833333	1
83 	90    	0.954394 	1        	0.0833333	1
84 	92    	0.981742 	1        	0.0833333	1
85 	86    	0.98202  	1        	0.0909091	1
86 	84    	0.958636 	1        	0.0909091	1
87 	90    	0.963409 	1        	0.0833333	1
88 	92    	0.897816 	1        	0.0833333	1
89 	92    	0.953409 	1        	0.0833333	1
90 	88    	0.954763 	1        	0.0833333	1
91 	94    	0.976818 	1        	0.0909091	1
92 	92    	0.986111 	1        	0.111111 	1
93 	90    	0.954798 	1        	0.0833333	1
94 	90    	0.963763 	1        	0.0833333	1
95 	98    	0.946894 	1        	0.0833333	1
96 	86    	0.954672 	1        	0.0833333	1
97 	84    	0.95447  	1        	0.0833333	1
98 	82    	0.954318 	1        	0.0833333	1
99 	94    	0.967652 	1        	0.0833333	1
100	86    	0.963687 	1        	0.0833333	1
prog2(move, all_bombs(all_safe(reveal_all, flag_all), all_safe(reveal_all, reveal_all)))
Agent at: (0,0) With board of size 10x10 and 2 bombs
0️0️0️0️0️0️0️0️0️0️
1️⃣1️⃣1️⃣0️0️0️0️0️0️0️
⏹️⏹️1️⃣0️0️0️0️0️0️0️
1️⃣1️⃣1️⃣0️0️1️⃣1️⃣1️⃣0️0️
0️0️0️0️0️1️⃣⏹️1️⃣0️0️
0️0️0️0️0️1️⃣1️⃣1️⃣0️0️
0️0️0️0️0️0️0️0️0️0️
0️0️0️0️0️0️0️0️0️0️
0️0️0️0️0️0️0️0️0️0️
0️0️0️0️0️0️0️0️0️0️
Agent at: (1,1) With board of size 10x10 and 2 bombs
0️0️0️0️0️0️0️0️0️0️
1️⃣1️⃣1️⃣0️0️0️0️0️0️0️
1️⃣✡️1️⃣0️0️0️0️0️0️0️
1️⃣1️⃣1️⃣0️0️1️⃣1️⃣1️⃣0️0️
0️0️0️0️0️1️⃣✡️1️⃣0️0️
0️0️0️0️0️1️⃣1️⃣1️⃣0️0️
0️0️0️0️0️0️0️0️0️0️
0️0️0️0️0️0️0️0️0️0️
0️0️0️0️0️0️0️0️0️0️
0️0️0️0️0️0️0️0️0️0️
First with 10 10 2 100 100 10 0.9 0.0 Got 78.2 % with score of 0.002849002849002849
Time in seconds:  26924.39 , time in hours:  7.48