10 10 2 100 100 10 0.9 0.0
gen	nevals	average  	median   	worst    	best
0  	100   	0.0925505	0.0833333	0.0833333	0.5
1  	82    	0.112652 	0.0833333	0.0833333	0.5
2  	92    	0.158826 	0.0833333	0.0833333	0.5
3  	84    	0.258093 	0.0909091	0.0833333	0.5
4  	88    	0.375197 	0.5      	0.0833333	1
5  	94    	0.387179 	0.5      	0.0833333	1
6  	90    	0.408242 	0.5      	0.0833333	1
7  	84    	0.436545 	0.5      	0.0833333	1
8  	94    	0.444182 	0.5      	0.0833333	1
9  	90    	0.43897  	0.5      	0.0833333	0.5
10 	88    	0.459053 	0.5      	0.0833333	0.5
11 	94    	0.43153  	0.5      	0.0833333	1
12 	90    	0.433384 	0.5      	0.0833333	1
13 	92    	0.443864 	0.5      	0.0833333	1
14 	98    	0.452962 	0.5      	0.0833333	1
15 	86    	0.455712 	0.5      	0.0833333	0.5
16 	94    	0.453788 	0.5      	0.0833333	1
17 	96    	0.444924 	0.5      	0.0833333	1
18 	92    	0.471212 	0.5      	0.0833333	1
19 	90    	0.510303 	0.5      	0.0833333	1
20 	90    	0.506439 	0.5      	0.0833333	1
21 	94    	0.563485 	0.5      	0.0833333	1
22 	90    	0.678212 	0.5      	0.0833333	1
23 	90    	0.820242 	1        	0.0833333	1
24 	86    	0.930409 	1        	0.0833333	1
25 	90    	0.918742 	1        	0.0833333	1
26 	90    	0.909561 	1        	0.0833333	1
27 	100   	0.864417 	1        	0.0833333	1
28 	86    	0.880561 	1        	0.0833333	1
29 	92    	0.937152 	1        	0.0833333	1
30 	92    	0.849212 	1        	0.0833333	1
31 	94    	0.9465   	1        	0.2      	1
32 	94    	0.938338 	1        	0.0833333	1
33 	84    	0.942652 	1        	0.0909091	1
34 	86    	0.916727 	1        	0.0909091	1
35 	90    	0.930409 	1        	0.0833333	1
36 	88    	0.905068 	1        	0.0833333	1
37 	88    	0.904255 	1        	0.0833333	1
38 	90    	0.913477 	1        	0.0833333	1
39 	88    	0.902247 	1        	0.0833333	1
40 	96    	0.940985 	1        	0.0833333	1
41 	84    	0.89197  	1        	0.0909091	1
42 	80    	0.915288 	1        	0.0833333	1
43 	88    	0.951263 	1        	0.0833333	1
44 	86    	0.927985 	1        	0.0833333	1
45 	82    	0.933894 	1        	0.0833333	1
46 	92    	0.944076 	1        	0.0833333	1
47 	94    	0.936485 	1        	0.0833333	1
48 	96    	0.913076 	1        	0.0833333	1
49 	94    	0.909061 	1        	0.0909091	1
50 	94    	0.952152 	1        	0.0833333	1
51 	90    	0.883712 	1        	0.0833333	1
52 	90    	0.957    	1        	0.0833333	1
53 	96    	0.886894 	1        	0.0833333	1
54 	94    	0.937227 	1        	0.0833333	1
55 	92    	0.896076 	1        	0.0833333	1
56 	96    	0.92654  	1        	0.0833333	1
57 	86    	0.963833 	1        	0.0833333	1
58 	88    	0.952652 	1        	0.0833333	1
59 	90    	0.93947  	1        	0.0833333	1
60 	94    	0.944394 	1        	0.0833333	1
61 	86    	0.922144 	1        	0.0833333	1
62 	90    	0.945159 	1        	0.0909091	1
63 	90    	0.892061 	1        	0.0833333	1
64 	98    	0.91447  	1        	0.0833333	1
65 	94    	0.919727 	1        	0.0833333	1
66 	92    	0.942727 	1        	0.0909091	1
67 	84    	0.985909 	1        	0.0909091	1
68 	80    	0.93852  	1        	0.0833333	1
69 	92    	0.963485 	1        	0.0833333	1
70 	96    	0.955076 	1        	0.0833333	1
71 	94    	0.917561 	1        	0.0833333	1
72 	86    	0.960742 	1        	0.0833333	1
73 	90    	0.958636 	1        	0.0909091	1
74 	94    	0.935742 	1        	0.0833333	1
75 	94    	0.937379 	1        	0.0833333	1
76 	86    	0.967576 	1        	0.0909091	1
77 	92    	0.934985 	1        	0.0833333	1
78 	90    	0.960076 	1        	0.0909091	1
79 	90    	0.966667 	1        	0.0833333	1
80 	96    	0.9425   	1        	0.0833333	1
81 	84    	0.940394 	1        	0.0833333	1
82 	86    	0.955485 	1        	0.0833333	1
83 	88    	0.938068 	1        	0.0833333	1
84 	88    	0.927414 	1        	0.0833333	1
85 	94    	0.90851  	1        	0.0833333	1
86 	90    	0.958636 	1        	0.0909091	1
87 	90    	0.950004 	1        	0.0833333	1
88 	80    	0.955636 	1        	0.0909091	1
89 	90    	0.944485 	1        	0.0833333	1
90 	84    	0.942152 	1        	0.0833333	1
91 	84    	0.957152 	1        	0.0909091	1
92 	94    	0.971833 	1        	0.0833333	1
93 	92    	0.946394 	1        	0.0833333	1
94 	98    	0.976944 	1        	0.0833333	1
95 	88    	0.964242 	1        	0.0833333	1
96 	92    	0.962652 	1        	0.0833333	1
97 	88    	0.967652 	1        	0.0833333	1
98 	98    	0.958636 	1        	0.0909091	1
99 	92    	0.922823 	1        	0.0833333	1
100	84    	0.959652 	1        	0.0833333	1
prog2(move, all_bombs(flag_all, reveal_all))
Agent at: (0,0) With board of size 10x10 and 2 bombs
0️0️0️0️0️0️0️0️0️0️
1️⃣1️⃣1️⃣0️0️0️0️0️0️0️
⏹️⏹️1️⃣0️0️0️0️0️0️0️
1️⃣1️⃣1️⃣0️0️1️⃣1️⃣1️⃣0️0️
0️0️0️0️0️1️⃣⏹️1️⃣0️0️
0️0️0️0️0️1️⃣1️⃣1️⃣0️0️
0️0️0️0️0️0️0️0️0️0️
0️0️0️0️0️0️0️0️0️0️
0️0️0️0️0️0️0️0️0️0️
0️0️0️0️0️0️0️0️0️0️
Agent at: (1,1) With board of size 10x10 and 2 bombs
0️0️0️0️0️0️0️0️0️0️
1️⃣1️⃣1️⃣0️0️0️0️0️0️0️
1️⃣✡️1️⃣0️0️0️0️0️0️0️
1️⃣1️⃣1️⃣0️0️1️⃣1️⃣1️⃣0️0️
0️0️0️0️0️1️⃣✡️1️⃣0️0️
0️0️0️0️0️1️⃣1️⃣1️⃣0️0️
0️0️0️0️0️0️0️0️0️0️
0️0️0️0️0️0️0️0️0️0️
0️0️0️0️0️0️0️0️0️0️
0️0️0️0️0️0️0️0️0️0️
First with 10 10 2 100 100 10 0.9 0.0 Got 78.2 % with score of 0.002849002849002849
Time in seconds:  34529.98472881317 , time in hours:  9.591662424670325