C:\Users\WIN10\AppData\Local\Programs\Python\Python37-32\python.exe C:\Users\WIN10\AppData\Local\JetBrains\Toolbox\apps\PyCharm-P\ch-0\193.6494.30\plugins\python\helpers\pydev\pydevconsole.py --mode=client --port=6187
import sys; print('Python %s on %s' % (sys.version, sys.platform))
sys.path.extend(['C:\\Users\\WIN10\\Documents\\Evolutionary\\EA-Project', 'C:/Users/WIN10/Documents/Evolutionary/EA-Project'])
Python 3.7.3 (v3.7.3:ef4ec6ed12, Mar 25 2019, 21:26:53) [MSC v.1916 32 bit (Intel)]
Type 'copyright', 'credits' or 'license' for more information
IPython 7.9.0 -- An enhanced Interactive Python. Type '?' for help.
PyDev console: using IPython 7.9.0
Python 3.7.3 (v3.7.3:ef4ec6ed12, Mar 25 2019, 21:26:53) [MSC v.1916 32 bit (Intel)] on win32
runfile('C:/Users/WIN10/Documents/Evolutionary/EA-Project/Ex2.py', wdir='C:/Users/WIN10/Documents/Evolutionary/EA-Project')
10 10 5 100 100 10 0.9 0.0
gen	nevals	average  	median   	worst    	best
0  	100   	0.0241183	0.0238095	0.0238095	0.0294118
1  	86    	0.0246992	0.0238095	0.0238095	0.03125
2  	96    	0.0312865	0.0238095	0.0238095	0.5
3  	94    	0.0351925	0.025    	0.0238095	0.333333
4  	90    	0.0489757	0.0263158	0.0238095	0.333333
5  	94    	0.0776527	0.030303 	0.0238095	0.333333
6  	88    	0.119748 	0.1      	0.0238095	0.5
7  	88    	0.182168 	0.111111 	0.0238095	0.5
8  	90    	0.253245 	0.25     	0.0238095	0.5
9  	88    	0.315047 	0.333333 	0.0238095	0.5
10 	96    	0.361336 	0.5      	0.0238095	1
11 	92    	0.423173 	0.5      	0.0238095	1
12 	90    	0.458501 	0.5      	0.0238095	1
13 	86    	0.52575  	0.5      	0.0238095	1
14 	90    	0.563051 	0.5      	0.0238095	1
15 	86    	0.657088 	0.5      	0.0238095	1
16 	96    	0.807107 	1        	0.0238095	1
17 	88    	0.868897 	1        	0.0238095	1
18 	90    	0.809071 	1        	0.0238095	1
19 	96    	0.859338 	1        	0.025    	1
20 	86    	0.826648 	1        	0.0238095	1
21 	94    	0.854473 	1        	0.0238095	1
22 	76    	0.934345 	1        	0.0238095	1
23 	90    	0.875385 	1        	0.0238095	1
24 	84    	0.921838 	1        	0.025    	1
25 	96    	0.899812 	1        	0.0238095	1
26 	78    	0.935114 	1        	0.0263158	1
27 	90    	0.877246 	1        	0.0238095	1
28 	86    	0.8705   	1        	0.0238095	1
29 	88    	0.897976 	1        	0.0238095	1
30 	90    	0.95275  	1        	0.025    	1
31 	88    	0.90277  	1        	0.0238095	1
32 	92    	0.943727 	1        	0.0909091	1
33 	94    	0.898823 	1        	0.0238095	1
34 	84    	0.922012 	1        	0.0238095	1
35 	88    	0.925917 	1        	0.0238095	1
36 	90    	0.900492 	1        	0.0238095	1
37 	92    	0.931076 	1        	0.0238095	1
38 	90    	0.968127 	1        	0.027027 	1
39 	84    	0.932141 	1        	0.0243902	1
40 	86    	0.885648 	1        	0.0238095	1
41 	90    	0.919191 	1        	0.025    	1
42 	94    	0.878026 	1        	0.0238095	1
43 	90    	0.950738 	1        	0.0238095	1
44 	98    	0.948925 	1        	0.025    	1
45 	84    	0.885421 	1        	0.0238095	1
46 	88    	0.9203   	1        	0.0238095	1
47 	90    	0.909325 	1        	0.0238095	1
48 	94    	0.918945 	1        	0.0238095	1
49 	96    	0.957488 	1        	0.0238095	1
50 	82    	0.914564 	1        	0.0238095	1
51 	90    	0.948588 	1        	0.025    	1
52 	84    	0.961732 	1        	0.0238095	1
53 	92    	0.957443 	1        	0.0238095	1
54 	88    	0.875414 	1        	0.0238095	1
55 	84    	0.940246 	1        	0.0238095	1
56 	92    	0.93247  	1        	0.0238095	1
57 	92    	0.96581  	1        	0.0238095	1
58 	90    	0.967588 	1        	0.025    	1
59 	92    	0.985238 	1        	0.0238095	1
60 	84    	0.967488 	1        	0.0238095	1
61 	96    	0.942873 	1        	0.025    	1
62 	92    	0.952837 	1        	0.0238095	1
63 	94    	0.953313 	1        	0.0238095	1
64 	90    	0.947935 	1        	0.025    	1
65 	88    	0.947155 	1        	0.0238095	1
66 	94    	0.960333 	1        	0.1      	1
67 	98    	0.948952 	1        	0.0238095	1
68 	84    	0.963429 	1        	0.1      	1
69 	84    	0.956969 	1        	0.025    	1
70 	86    	0.931742 	1        	0.0238095	1
71 	90    	0.912171 	1        	0.0238095	1
72 	94    	0.97525  	1        	0.025    	1
73 	90    	0.94625  	1        	0.0238095	1
74 	86    	0.939071 	1        	0.025    	1
75 	94    	0.973861 	1        	0.025    	1
76 	90    	0.953161 	1        	0.0238095	1
77 	90    	0.980909 	1        	0.0909091	1
78 	90    	0.985909 	1        	0.0909091	1
79 	92    	0.949818 	1        	0.0294118	1
80 	96    	0.950302 	1        	0.0285714	1
81 	92    	0.971    	1        	0.1      	1
82 	80    	0.965583 	1        	0.0238095	1
83 	88    	0.977738 	1        	0.0238095	1
84 	90    	0.943313 	1        	0.0238095	1
85 	96    	0.990238 	1        	0.0238095	1
86 	88    	0.976111 	1        	0.111111 	1
87 	86    	0.960768 	1        	0.0238095	1
88 	90    	0.89787  	1        	0.0238095	1
89 	92    	0.918377 	1        	0.0238095	1
90 	90    	0.966714 	1        	0.0285714	1
91 	90    	0.965866 	1        	0.0285714	1
92 	90    	0.950828 	1        	0.0238095	1
93 	90    	0.92058  	1        	0.025    	1
94 	88    	0.95269  	1        	0.025    	1
95 	92    	0.919941 	1        	0.0238095	1
96 	92    	0.937085 	1        	0.0243902	1
97 	90    	0.888311 	1        	0.0243902	1
98 	92    	0.941592 	1        	0.025    	1
99 	84    	0.990333 	1        	0.0333333	1
100	96    	0.933977 	1        	0.025    	1
prog2(move, all_bombs(flag_all, prog2(move, prog2(move, all_safe(reveal_all, flag_all)))))
Agent at: (0,0) With board of size 10x10 and 5 bombs
0️0️0️0️0️0️0️0️0️0️
1️⃣1️⃣1️⃣0️0️0️0️0️0️0️
⏹️⏹️1️⃣0️0️0️0️0️0️0️
⏹️⏹️1️⃣0️0️1️⃣1️⃣1️⃣0️0️
⏹️⏹️1️⃣0️0️1️⃣⏹️1️⃣0️0️
⏹️⏹️2️⃣1️⃣1️⃣1️⃣1️⃣1️⃣0️0️
⏹️⏹️⏹️⏹️1️⃣0️0️0️0️0️
⏹️⏹️⏹️2️⃣1️⃣0️0️0️0️0️
⏹️⏹️⏹️1️⃣0️0️0️0️0️0️
⏹️⏹️⏹️1️⃣0️0️0️0️0️0️
Agent at: (5,5) With board of size 10x10 and 5 bombs
0️0️0️0️0️0️0️0️0️0️
1️⃣1️⃣1️⃣0️0️0️0️0️0️0️
1️⃣✡️1️⃣0️0️0️0️0️0️0️
1️⃣1️⃣1️⃣0️0️1️⃣1️⃣1️⃣0️0️
1️⃣1️⃣1️⃣0️0️1️⃣✡️1️⃣0️0️
1️⃣✡️2️⃣1️⃣1️⃣1️⃣1️⃣1️⃣0️0️
1️⃣1️⃣✡️✡️1️⃣0️0️0️0️0️
0️1️⃣✡️2️⃣1️⃣0️0️0️0️0️
0️1️⃣✡️1️⃣0️0️0️0️0️0️
0️1️⃣1️⃣1️⃣0️0️0️0️0️0️
First with 10 10 5 100 100 10 0.9 0.0 Got 49.0 % with score of 0.0006414368184733803