10 10 5 100 100 10 0.9 0.0
gen	nevals	average  	median   	worst    	best
0  	100   	0.0249022	0.0238095	0.0238095	0.0454545
1  	90    	0.0265735	0.0238095	0.0238095	0.0454545
2  	88    	0.029247 	0.025    	0.0238095	0.111111
3  	98    	0.0413055	0.025641 	0.0238095	0.5
4  	88    	0.0598367	0.0298574	0.0238095	0.5
5  	84    	0.111863 	0.0454545	0.0238095	0.5
6  	84    	0.17864  	0.0717949	0.0238095	0.5
7  	94    	0.284327 	0.333333 	0.0238095	0.5
8  	88    	0.349294 	0.5      	0.0238095	1
9  	86    	0.416155 	0.5      	0.0238095	1
10 	94    	0.418062 	0.5      	0.0238095	1
11 	92    	0.416463 	0.5      	0.0238095	1
12 	92    	0.426063 	0.5      	0.0238095	1
13 	98    	0.454267 	0.5      	0.0238095	1
14 	80    	0.584978 	0.5      	0.0238095	1
15 	92    	0.725915 	1        	0.0238095	1
16 	90    	0.846727 	1        	0.0238095	1
17 	92    	0.891218 	1        	0.0238095	1
18 	94    	0.864349 	1        	0.0238095	1
19 	94    	0.934988 	1        	0.0238095	1
20 	86    	0.912184 	1        	0.0243902	1
21 	86    	0.832494 	1        	0.0238095	1
22 	86    	0.906231 	1        	0.0238095	1
23 	90    	0.865007 	1        	0.0238095	1
24 	94    	0.887674 	1        	0.0238095	1
25 	92    	0.878946 	1        	0.0238095	1
26 	92    	0.870754 	1        	0.0238095	1
27 	86    	0.908988 	1        	0.0238095	1
28 	88    	0.948074 	1        	0.025    	1
29 	88    	0.923481 	1        	0.0238095	1
30 	92    	0.875177 	1        	0.0238095	1
31 	90    	0.93469  	1        	0.0238095	1
32 	88    	0.90721  	1        	0.0238095	1
33 	94    	0.893417 	1        	0.0238095	1
34 	88    	0.916942 	1        	0.0238095	1
35 	94    	0.955667 	1        	0.0238095	1
36 	72    	0.927298 	1        	0.0238095	1
37 	94    	0.845742 	1        	0.0238095	1
38 	88    	0.893803 	1        	0.025    	1
39 	92    	0.873498 	1        	0.0238095	1
40 	92    	0.861237 	1        	0.0238095	1
41 	92    	0.925885 	1        	0.0238095	1
42 	94    	0.916494 	1        	0.0238095	1
43 	88    	0.923686 	1        	0.025    	1
44 	86    	0.942936 	1        	0.0238095	1
45 	92    	0.948821 	1        	0.0238095	1
46 	84    	0.938202 	1        	0.0238095	1
47 	92    	0.903877 	1        	0.0238095	1
48 	98    	0.886988 	1        	0.025    	1
49 	90    	0.839525 	1        	0.0238095	1
50 	90    	0.911325 	1        	0.0243902	1
51 	92    	0.930444 	1        	0.025    	1
52 	90    	0.912264 	1        	0.0238095	1
53 	88    	0.913302 	1        	0.0243902	1
54 	90    	0.944762 	1        	0.0769231	1
55 	92    	0.905501 	1        	0.0238095	1
56 	96    	0.922683 	1        	0.025    	1
57 	96    	0.944814 	1        	0.0238095	1
58 	84    	0.942965 	1        	0.0238095	1
59 	80    	0.928076 	1        	0.0238095	1
60 	90    	0.916369 	1        	0.025    	1
61 	76    	0.935665 	1        	0.0243902	1
62 	92    	0.940901 	1        	0.0555556	1
63 	94    	0.981294 	1        	0.0294118	1
64 	86    	0.949802 	1        	0.0555556	1
65 	90    	0.914662 	1        	0.0238095	1
66 	90    	0.934181 	1        	0.0238095	1
67 	82    	0.935058 	1        	0.0238095	1
68 	92    	0.905782 	1        	0.0238095	1
69 	92    	0.91698  	1        	0.0238095	1
70 	94    	0.934907 	1        	0.0243902	1
71 	96    	0.902239 	1        	0.0243902	1
72 	90    	0.907007 	1        	0.0238095	1
73 	88    	0.924974 	1        	0.0238095	1
74 	90    	0.963663 	1        	0.025    	1
75 	96    	0.96287  	1        	0.0238095	1
76 	86    	0.967576 	1        	0.0833333	1
77 	94    	0.966488 	1        	0.0238095	1
78 	88    	0.942731 	1        	0.0238095	1
79 	86    	0.94446  	1        	0.025    	1
80 	88    	0.93929  	1        	0.0238095	1
81 	98    	0.915973 	1        	0.0238095	1
82 	84    	0.963758 	1        	0.0384615	1
83 	86    	0.905262 	1        	0.0238095	1
84 	84    	0.995    	1        	0.5      	1
85 	92    	0.976429 	1        	0.142857 	1
86 	92    	0.945786 	1        	0.025    	1
87 	90    	0.963321 	1        	0.0243902	1
88 	92    	0.953357 	1        	0.025    	1
89 	88    	0.932196 	1        	0.0238095	1
90 	92    	0.944832 	1        	0.0243902	1
91 	82    	0.99025  	1        	0.025    	1
92 	86    	0.985909 	1        	0.0909091	1
93 	88    	0.943326 	1        	0.0238095	1
94 	86    	0.9383   	1        	0.0243902	1
95 	86    	0.971238 	1        	0.0285714	1
96 	80    	0.961333 	1        	0.025    	1
97 	92    	0.973179 	1        	0.05     	1
98 	90    	0.977198 	1        	0.0769231	1
99 	94    	0.915937 	1        	0.0238095	1
100	92    	0.897112 	1        	0.0238095	1
prog2(move, all_safe(prog2(movepri(), all_bombs(all_bombs(reveal_all, all_bombs(all_safe(flag_all, reveal_all), prog2(move, reveal_all))), prog2(movepri(), reveal_all))), all_bombs(all_bombs(all_bombs(flag_all, flag_all), all_bombs(reveal_all, flag_all)), all_safe(prog2(move, flag_all), prog2(move, all_safe(reveal_all, all_safe(reveal_all, flag_all)))))))
Agent at: (0,0) With board of size 10x10 and 5 bombs
0️0️0️0️0️0️0️0️0️0️
1️⃣1️⃣1️⃣0️0️0️0️0️0️0️
⏹️⏹️1️⃣0️0️0️0️0️0️0️
⏹️⏹️1️⃣0️0️1️⃣1️⃣1️⃣0️0️
⏹️⏹️1️⃣0️0️1️⃣⏹️1️⃣0️0️
⏹️⏹️2️⃣1️⃣1️⃣1️⃣1️⃣1️⃣0️0️
⏹️⏹️⏹️⏹️1️⃣0️0️0️0️0️
⏹️⏹️⏹️2️⃣1️⃣0️0️0️0️0️
⏹️⏹️⏹️1️⃣0️0️0️0️0️0️
⏹️⏹️⏹️1️⃣0️0️0️0️0️0️
Agent at: (5,5) With board of size 10x10 and 5 bombs
0️0️0️0️0️0️0️0️0️0️
1️⃣1️⃣1️⃣0️0️0️0️0️0️0️
1️⃣✡️1️⃣0️0️0️0️0️0️0️
1️⃣1️⃣1️⃣0️0️1️⃣1️⃣1️⃣0️0️
1️⃣1️⃣1️⃣0️0️1️⃣✡️1️⃣0️0️
✡️✡️2️⃣1️⃣1️⃣1️⃣1️⃣1️⃣0️0️
1️⃣1️⃣2️⃣✡️1️⃣0️0️0️0️0️
0️1️⃣2️⃣2️⃣1️⃣0️0️0️0️0️
0️1️⃣✡️1️⃣0️0️0️0️0️0️
0️1️⃣1️⃣1️⃣0️0️0️0️0️0️
First with 10 10 5 100 100 10 0.9 0.0 Got 60.199999999999996 % with score of 0.0006345177664974619
Time in seconds:  47500.79 , time in hours:  13.19