10 10 5 100 100 10 0.9 0.0
gen	nevals	average  	median   	worst    	best
0  	100   	0.0285985	0.0238095	0.0238095	0.333333
1  	100   	0.0452805	0.0238095	0.0238095	0.5
2  	88    	0.0680712	0.025    	0.0238095	0.5
3  	90    	0.0988766	0.0285714	0.0238095	0.5
4  	82    	0.148975 	0.0416667	0.0238095	0.5
5  	90    	0.278391 	0.333333 	0.0238095	0.5
6  	90    	0.323596 	0.333333 	0.0238095	0.5
7  	92    	0.328099 	0.416667 	0.0238095	0.5
8  	94    	0.337339 	0.5      	0.0238095	0.5
9  	84    	0.348223 	0.5      	0.0238095	0.5
10 	90    	0.367159 	0.5      	0.0238095	0.5
11 	92    	0.380737 	0.5      	0.0238095	0.5
12 	88    	0.3506   	0.5      	0.0238095	0.5
13 	96    	0.352704 	0.5      	0.0238095	1
14 	92    	0.389124 	0.5      	0.0238095	0.5
15 	92    	0.426739 	0.5      	0.0238095	1
16 	94    	0.465937 	0.5      	0.0238095	1
17 	96    	0.503014 	0.5      	0.0238095	1
18 	84    	0.609311 	0.5      	0.0238095	1
19 	88    	0.696601 	1        	0.0238095	1
20 	96    	0.679071 	1        	0.0238095	1
21 	88    	0.812926 	1        	0.0238095	1
22 	96    	0.643644 	1        	0.0238095	1
23 	86    	0.749106 	1        	0.0238095	1
24 	92    	0.719486 	1        	0.0238095	1
25 	86    	0.711195 	1        	0.0238095	1
26 	84    	0.760238 	1        	0.0238095	1
27 	88    	0.782703 	1        	0.0238095	1
28 	88    	0.722865 	1        	0.0238095	1
29 	96    	0.622416 	0.5      	0.0238095	1
30 	88    	0.787115 	1        	0.0238095	1
31 	98    	0.701522 	1        	0.0238095	1
32 	82    	0.842168 	1        	0.0238095	1
33 	92    	0.744221 	1        	0.0238095	1
34 	86    	0.745249 	1        	0.0238095	1
35 	94    	0.754188 	1        	0.0238095	1
36 	92    	0.785451 	1        	0.0238095	1
37 	88    	0.837774 	1        	0.0263158	1
38 	90    	0.899225 	1        	0.0238095	1
39 	92    	0.72402  	1        	0.0238095	1
40 	92    	0.78619  	1        	0.0238095	1
41 	86    	0.776533 	1        	0.0238095	1
42 	92    	0.83969  	1        	0.0238095	1
43 	96    	0.822474 	1        	0.0238095	1
44 	90    	0.787287 	1        	0.0238095	1
45 	86    	0.819876 	1        	0.0238095	1
46 	88    	0.829974 	1        	0.0263158	1
47 	90    	0.785476 	1        	0.0238095	1
48 	92    	0.811126 	1        	0.0238095	1
49 	88    	0.829191 	1        	0.0238095	1
50 	88    	0.750586 	1        	0.0238095	1
51 	86    	0.786769 	1        	0.0238095	1
52 	94    	0.860138 	1        	0.0238095	1
53 	88    	0.784204 	1        	0.0238095	1
54 	76    	0.912047 	1        	0.0344828	1
55 	88    	0.872233 	1        	0.025    	1
56 	96    	0.813261 	1        	0.0238095	1
57 	84    	0.922506 	1        	0.0238095	1
58 	92    	0.836117 	1        	0.025    	1
59 	92    	0.883778 	1        	0.0238095	1
60 	84    	0.886958 	1        	0.027027 	1
61 	92    	0.879036 	1        	0.0238095	1
62 	92    	0.909156 	1        	0.0238095	1
63 	92    	0.903477 	1        	0.04     	1
64 	86    	0.862343 	1        	0.0238095	1
65 	84    	0.812249 	1        	0.0238095	1
66 	92    	0.890354 	1        	0.0243902	1
67 	96    	0.791248 	1        	0.0238095	1
68 	86    	0.857504 	1        	0.0238095	1
69 	98    	0.839656 	1        	0.0238095	1
70 	92    	0.845987 	1        	0.0243902	1
71 	90    	0.806091 	1        	0.0263158	1
72 	78    	0.870633 	1        	0.0238095	1
73 	94    	0.855813 	1        	0.030303 	1
74 	90    	0.775618 	1        	0.0238095	1
75 	90    	0.874611 	1        	0.0285714	1
76 	88    	0.871079 	1        	0.0238095	1
77 	88    	0.914266 	1        	0.0238095	1
78 	92    	0.892411 	1        	0.0238095	1
79 	86    	0.914815 	1        	0.030303 	1
80 	88    	0.910827 	1        	0.0243902	1
81 	92    	0.84728  	1        	0.0238095	1
82 	94    	0.878533 	1        	0.0322581	1
83 	86    	0.891901 	1        	0.0238095	1
84 	94    	0.864428 	1        	0.0238095	1
85 	90    	0.873917 	1        	0.0416667	1
86 	84    	0.923476 	1        	0.0238095	1
87 	94    	0.878466 	1        	0.0243902	1
88 	98    	0.899798 	1        	0.0238095	1
89 	94    	0.859195 	1        	0.0238095	1
90 	88    	0.891321 	1        	0.0238095	1
91 	82    	0.92697  	1        	0.0238095	1
92 	86    	0.937732 	1        	0.0243902	1
93 	94    	0.871018 	1        	0.0238095	1
94 	86    	0.915636 	1        	0.030303 	1
95 	86    	0.881714 	1        	0.0238095	1
96 	94    	0.884788 	1        	0.0238095	1
97 	86    	0.892299 	1        	0.0238095	1
98 	92    	0.897991 	1        	0.027027 	1
99 	88    	0.883703 	1        	0.0238095	1
100	90    	0.922907 	1        	0.027027 	1
prog2(movepri(), prog2(move, all_safe(prog2(move, all_safe(all_bombs(reveal_all, reveal_all), prog2(move, all_safe(prog2(move, all_safe(all_bombs(flag_all, reveal_all), flag_all)), flag_all)))), all_safe(flag_all, flag_all))))
Agent at: (0,0) With board of size 10x10 and 5 bombs
0️0️0️0️0️0️0️0️0️0️
1️⃣1️⃣1️⃣0️0️0️0️0️0️0️
⏹️⏹️1️⃣0️0️0️0️0️0️0️
⏹️⏹️1️⃣0️0️1️⃣1️⃣1️⃣0️0️
⏹️⏹️1️⃣0️0️1️⃣⏹️1️⃣0️0️
⏹️⏹️2️⃣1️⃣1️⃣1️⃣1️⃣1️⃣0️0️
⏹️⏹️⏹️⏹️1️⃣0️0️0️0️0️
⏹️⏹️⏹️2️⃣1️⃣0️0️0️0️0️
⏹️⏹️⏹️1️⃣0️0️0️0️0️0️
⏹️⏹️⏹️1️⃣0️0️0️0️0️0️
Agent at: (6,0) With board of size 10x10 and 5 bombs
0️0️0️0️0️0️0️0️0️0️
1️⃣1️⃣1️⃣0️0️0️0️0️0️0️
1️⃣✡️1️⃣0️0️0️0️0️0️0️
1️⃣1️⃣1️⃣0️0️1️⃣1️⃣1️⃣0️0️
1️⃣1️⃣1️⃣0️0️1️⃣✡️1️⃣0️0️
1️⃣✡️2️⃣1️⃣1️⃣1️⃣1️⃣1️⃣0️0️
1️⃣1️⃣2️⃣✡️1️⃣0️0️0️0️0️
0️1️⃣2️⃣2️⃣1️⃣0️0️0️0️0️
0️1️⃣✡️1️⃣0️0️0️0️0️0️
0️1️⃣1️⃣1️⃣0️0️0️0️0️0️
Time:  46186.403223991394
testing...
done testing
First with (10, 10, 5, 100, 100, 10, 0.9, 0.0) (10, 10, 5, 100, 1000, 100, 0.7, 0.1) (10, 10, 5, 100, 100, 20, 0.7, 0.1) (10, 10, 5, 100, 1000, 20, 0.7, 0.01) Got 46.0 % with score of 0.0006680026720106881
