10 10 2 100 100 10 0.9 0.0
gen	nevals	average  	median   	worst    	best
0  	100   	0.0856566	0.0833333	0.0833333	0.25
1  	92    	0.105985 	0.0833333	0.0833333	1
2  	94    	0.1385   	0.0833333	0.0833333	1
3  	88    	0.20547  	0.0833333	0.0833333	1
4  	90    	0.330189 	0.0909091	0.0833333	1
5  	90    	0.59422  	1        	0.0833333	1
6  	94    	0.757227 	1        	0.0833333	1
7  	92    	0.909333 	1        	0.0833333	1
8  	94    	0.945568 	1        	0.0833333	1
9  	98    	0.903826 	1        	0.0833333	1
10 	92    	0.917667 	1        	0.0833333	1
11 	90    	0.945    	1        	0.0833333	1
12 	92    	0.936735 	1        	0.0833333	1
13 	86    	0.958333 	1        	0.0833333	1
14 	90    	0.963409 	1        	0.0833333	1
15 	94    	0.963778 	1        	0.0833333	1
16 	84    	0.954409 	1        	0.0833333	1
17 	94    	0.90404  	1        	0.0833333	1
18 	88    	0.945152 	1        	0.0833333	1
19 	82    	0.954318 	1        	0.0833333	1
20 	96    	0.9725   	1        	0.0833333	1
21 	96    	0.963409 	1        	0.0833333	1
22 	86    	0.891242 	1        	0.0833333	1
23 	86    	0.885152 	1        	0.0833333	1
24 	90    	0.9725   	1        	0.0833333	1
25 	86    	0.972742 	1        	0.0833333	1
26 	92    	0.954242 	1        	0.0833333	1
27 	100   	0.981667 	1        	0.0833333	1
28 	90    	0.981667 	1        	0.0833333	1
29 	92    	0.954583 	1        	0.0833333	1
30 	90    	0.9175   	1        	0.0833333	1
31 	90    	0.90625  	1        	0.0833333	1
32 	94    	0.92452  	1        	0.0833333	1
33 	96    	0.908833 	1        	0.0833333	1
34 	88    	0.945429 	1        	0.0833333	1
35 	96    	0.91802  	1        	0.0833333	1
36 	92    	0.963409 	1        	0.0833333	1
37 	94    	0.937    	1        	0.0833333	1
38 	88    	0.945    	1        	0.0833333	1
39 	98    	0.929318 	1        	0.0833333	1
40 	94    	0.930576 	1        	0.0833333	1
41 	84    	0.92702  	1        	0.0833333	1
42 	90    	0.945568 	1        	0.0833333	1
43 	90    	0.912854 	1        	0.0833333	1
44 	86    	0.972576 	1        	0.0833333	1
45 	92    	0.926833 	1        	0.0833333	1
46 	98    	0.954444 	1        	0.0833333	1
47 	90    	0.921742 	1        	0.0833333	1
48 	92    	0.93625  	1        	0.0833333	1
49 	82    	0.921861 	1        	0.0833333	1
50 	90    	0.954167 	1        	0.0833333	1
51 	86    	0.954242 	1        	0.0833333	1
52 	90    	0.940076 	1        	0.0833333	1
53 	92    	0.972576 	1        	0.0833333	1
54 	92    	0.963333 	1        	0.0833333	1
55 	90    	0.981667 	1        	0.0833333	1
56 	90    	0.936227 	1        	0.0833333	1
57 	98    	0.958409 	1        	0.0833333	1
58 	84    	0.991    	1        	0.1      	1
59 	86    	0.950152 	1        	0.0833333	1
60 	88    	0.939104 	1        	0.0833333	1
61 	86    	0.981742 	1        	0.0833333	1
62 	94    	0.915346 	1        	0.0833333	1
63 	90    	0.949242 	1        	0.0833333	1
64 	92    	0.927326 	1        	0.0833333	1
65 	88    	0.949444 	1        	0.0833333	1
66 	96    	0.985833 	1        	0.0833333	1
67 	94    	0.967576 	1        	0.0833333	1
68 	92    	0.963333 	1        	0.0833333	1
69 	94    	0.981742 	1        	0.0833333	1
70 	92    	0.90677  	1        	0.0833333	1
71 	78    	0.916909 	1        	0.0833333	1
72 	90    	0.894409 	1        	0.0833333	1
73 	86    	0.985833 	1        	0.0833333	1
74 	94    	0.908742 	1        	0.0833333	1
75 	94    	0.9725   	1        	0.0833333	1
76 	82    	0.990909 	1        	0.0909091	1
77 	94    	0.9725   	1        	0.0833333	1
78 	92    	0.967944 	1        	0.0833333	1
79 	92    	0.924242 	1        	0.0833333	1
80 	88    	0.985833 	1        	0.0833333	1
81 	94    	0.963485 	1        	0.0833333	1
82 	90    	0.972576 	1        	0.0833333	1
83 	90    	0.981667 	1        	0.0833333	1
84 	90    	0.963687 	1        	0.0833333	1
85 	94    	0.9725   	1        	0.0833333	1
86 	96    	0.949333 	1        	0.0833333	1
87 	86    	0.954242 	1        	0.0833333	1
88 	84    	0.963409 	1        	0.0833333	1
89 	78    	0.972576 	1        	0.0833333	1
90 	84    	0.9725   	1        	0.0833333	1
91 	88    	0.964652 	1        	0.0833333	1
92 	90    	0.901679 	1        	0.0833333	1
93 	88    	0.936061 	1        	0.0833333	1
94 	90    	0.972652 	1        	0.0833333	1
95 	94    	0.930152 	1        	0.0833333	1
96 	88    	0.967576 	1        	0.0833333	1
97 	90    	0.972576 	1        	0.0833333	1
98 	86    	0.939992 	1        	0.0833333	1
99 	98    	0.9725   	1        	0.0833333	1
100	94    	0.955115 	1        	0.0833333	1
all_bombs(all_bombs(all_bombs(all_bombs(prog2(move, reveal_all), all_bombs(flag_all, reveal_all)), prog2(movepri(), prog2(move, reveal_all))), all_safe(all_bombs(all_bombs(reveal_all, flag_all), all_bombs(reveal_all, reveal_all)), all_safe(all_bombs(flag_all, reveal_all), prog2(move, reveal_all)))), all_safe(all_bombs(all_safe(prog2(move, flag_all), all_bombs(flag_all, flag_all)), prog2(move, all_bombs(flag_all, reveal_all))), prog2(movepri(), all_safe(prog2(move, flag_all), all_bombs(flag_all, reveal_all)))))
Agent at: (0,0) With board of size 10x10 and 2 bombs
0️0️0️0️0️0️0️0️0️0️
1️⃣1️⃣1️⃣0️0️0️0️0️0️0️
⏹️⏹️1️⃣0️0️0️0️0️0️0️
1️⃣1️⃣1️⃣0️0️1️⃣1️⃣1️⃣0️0️
0️0️0️0️0️1️⃣⏹️1️⃣0️0️
0️0️0️0️0️1️⃣1️⃣1️⃣0️0️
0️0️0️0️0️0️0️0️0️0️
0️0️0️0️0️0️0️0️0️0️
0️0️0️0️0️0️0️0️0️0️
0️0️0️0️0️0️0️0️0️0️
Agent at: (1,1) With board of size 10x10 and 2 bombs
0️0️0️0️0️0️0️0️0️0️
1️⃣1️⃣1️⃣0️0️0️0️0️0️0️
1️⃣✡️1️⃣0️0️0️0️0️0️0️
1️⃣1️⃣1️⃣0️0️1️⃣1️⃣1️⃣0️0️
0️0️0️0️0️1️⃣✡️1️⃣0️0️
0️0️0️0️0️1️⃣1️⃣1️⃣0️0️
0️0️0️0️0️0️0️0️0️0️
0️0️0️0️0️0️0️0️0️0️
0️0️0️0️0️0️0️0️0️0️
0️0️0️0️0️0️0️0️0️0️
First with 10 10 2 100 100 10 0.9 0.0 Got 75.0 % with score of 0.0003679175864606328
Time in seconds:  30946.88 , time in hours:  8.6