C:\Users\WIN10\AppData\Local\Programs\Python\Python37-32\python.exe C:\Users\WIN10\AppData\Local\JetBrains\Toolbox\apps\PyCharm-P\ch-0\193.6494.30\plugins\python\helpers\pydev\pydevconsole.py --mode=client --port=4998
import sys; print('Python %s on %s' % (sys.version, sys.platform))
sys.path.extend(['C:\\Users\\WIN10\\Documents\\Evolutionary\\EA-Project', 'C:/Users/WIN10/Documents/Evolutionary/EA-Project'])
Python 3.7.3 (v3.7.3:ef4ec6ed12, Mar 25 2019, 21:26:53) [MSC v.1916 32 bit (Intel)]
Type 'copyright', 'credits' or 'license' for more information
IPython 7.9.0 -- An enhanced Interactive Python. Type '?' for help.
PyDev console: using IPython 7.9.0
Python 3.7.3 (v3.7.3:ef4ec6ed12, Mar 25 2019, 21:26:53) [MSC v.1916 32 bit (Intel)] on win32
runfile('C:/Users/WIN10/Documents/Evolutionary/EA-Project/Ex2.py', wdir='C:/Users/WIN10/Documents/Evolutionary/EA-Project')
10 10 10 100 100 10 0.9 0.0
gen	nevals	average   	median    	worst    	best
0  	100   	0.00213991	0.00193798	0.0019305	0.00456621
1  	88    	0.00240919	0.00213904	0.0019305	0.00645161
2  	92    	0.00256935	0.00229363	0.0019305	0.00714286
3  	84    	0.00277666	0.00253496	0.0019305	0.00847458
4  	88    	0.00353849	0.00307719	0.0019305	0.00877193
5  	90    	0.0039678 	0.00367647	0.0019305	0.00847458
6  	94    	0.00409362	0.00402429	0.0019305	0.00847458
7  	94    	0.00470425	0.00423729	0.0019305	0.00719424
8  	96    	0.00457638	0.00421948	0.0019305	0.00719424
9  	88    	0.00475922	0.00421948	0.0019305	0.00869565
10 	84    	0.0049634 	0.004744  	0.0019305	0.00869565
11 	92    	0.00479877	0.00422835	0.0019305	0.00869565
12 	88    	0.00485368	0.00438596	0.0019305	0.008
13 	90    	0.00491821	0.004744  	0.0019305	0.00719424
14 	100   	0.00491901	0.00431163	0.0019305	0.00869565
15 	96    	0.00501458	0.0053288 	0.0019305	0.00952381
16 	84    	0.00510703	0.00590278	0.0019305	0.00952381
17 	86    	0.00507981	0.00555556	0.0019305	0.00869565
18 	88    	0.00488452	0.00510204	0.0019305	0.00689655
19 	98    	0.00488302	0.00510204	0.0019305	0.00724638
20 	96    	0.00492888	0.00469747	0.0019305	0.00724638
21 	88    	0.00507264	0.00510204	0.0019305	0.00724638
22 	94    	0.00490231	0.00420168	0.0019305	0.00689655
23 	94    	0.00480673	0.00419289	0.0019305	0.00719424
24 	94    	0.00488342	0.00372604	0.0019305	0.00719424
25 	86    	0.00516405	0.00689655	0.0019305	0.00719424
26 	88    	0.00513222	0.00653595	0.0019305	0.00689655
27 	86    	0.0049889 	0.00604575	0.0019305	0.00869565
28 	78    	0.0053722 	0.00689655	0.0019305	0.00869565
29 	90    	0.00518326	0.00689655	0.0019305	0.00689655
30 	80    	0.00530548	0.00689655	0.0019305	0.00689655
31 	90    	0.00513261	0.00689655	0.0019305	0.00689655
32 	90    	0.00511521	0.00653595	0.0019305	0.00689655
33 	92    	0.00506967	0.00653595	0.0019305	0.00689655
34 	90    	0.00517511	0.00653595	0.0019305	0.00719424
35 	94    	0.00503616	0.00639297	0.0019305	0.00719424
36 	94    	0.00505196	0.0053288 	0.0019305	0.00689655
37 	84    	0.0052804 	0.00689655	0.0019305	0.00719424
38 	94    	0.00512343	0.00689655	0.0019305	0.00689655
39 	86    	0.00503831	0.00671625	0.0019305	0.00719424
40 	96    	0.00504516	0.00625   	0.0019305	0.00719424
41 	90    	0.005152  	0.00689655	0.0019305	0.00719424
42 	90    	0.00512438	0.00641263	0.0019305	0.00689655
43 	96    	0.00490026	0.00420168	0.0019305	0.00689655
44 	90    	0.00507702	0.00653595	0.0019305	0.00689655
45 	90    	0.00520636	0.00675953	0.0019305	0.00689655
46 	94    	0.00516788	0.00653595	0.0019305	0.00689655
47 	86    	0.0051596 	0.00689655	0.00324675	0.00689655
48 	86    	0.00507764	0.00653595	0.0019305 	0.00689655
49 	92    	0.00513467	0.00657923	0.002849  	0.00689655
50 	90    	0.00519703	0.00689655	0.0019305 	0.00689655
51 	88    	0.00518148	0.00689655	0.0019305 	0.00689655
52 	94    	0.0049924 	0.00420168	0.0019305 	0.00719424
53 	96    	0.00486605	0.00326797	0.0019305 	0.00719424
54 	90    	0.00502033	0.00493197	0.0019305 	0.008
55 	86    	0.00508148	0.00567602	0.0019305 	0.00719424
56 	88    	0.00513777	0.00639297	0.0019305 	0.00719424
57 	88    	0.00512667	0.00689655	0.0019305 	0.00689655
58 	94    	0.00507782	0.00653595	0.0019305 	0.00689655
59 	86    	0.00523042	0.00689655	0.0019305 	0.00689655
60 	96    	0.00500905	0.00465186	0.0019305 	0.00719424
61 	86    	0.00511205	0.00671625	0.0019305 	0.00689655
62 	90    	0.00514202	0.00653595	0.0019305 	0.00689655
63 	94    	0.00505028	0.00567602	0.0019305 	0.00689655
64 	88    	0.00515177	0.00689655	0.0019305 	0.00689655
65 	94    	0.00510565	0.00639297	0.00304878	0.00689655
66 	92    	0.00504204	0.00689655	0.0019305 	0.00689655
67 	86    	0.00514549	0.00671625	0.0019305 	0.00689655
68 	92    	0.00514939	0.00689655	0.0019305 	0.00689655
69 	88    	0.00516732	0.00671625	0.0019305 	0.00689655
70 	88    	0.00519344	0.00689655	0.0019305 	0.00689655
71 	82    	0.00531736	0.00689655	0.0019305 	0.00719424
72 	88    	0.00524396	0.00689655	0.0019305 	0.00719424
73 	96    	0.00510289	0.00657328	0.00304878	0.00719424
74 	94    	0.0049953 	0.00505102	0.0019305 	0.00719424
75 	94    	0.00508055	0.00653595	0.0019305 	0.00689655
76 	90    	0.00520302	0.00689655	0.0019305 	0.00689655
77 	86    	0.00516572	0.00675953	0.0019305 	0.00689655
78 	88    	0.00515661	0.00689655	0.0019305 	0.00689655
79 	88    	0.00517628	0.00689655	0.0019305 	0.00719424
80 	90    	0.00517754	0.00689655	0.00324675	0.00689655
81 	84    	0.00524608	0.00689655	0.0019305 	0.00689655
82 	92    	0.00505222	0.00639297	0.0019305 	0.00689655
83 	84    	0.00520224	0.00689655	0.0019305 	0.00719424
84 	90    	0.00513742	0.00689655	0.0019305 	0.00719424
85 	84    	0.00527586	0.00689655	0.0019305 	0.00689655
86 	90    	0.00513867	0.00671625	0.002849  	0.00689655
87 	94    	0.00502545	0.00505102	0.0019305 	0.00689655
88 	92    	0.00507938	0.00581899	0.0019305 	0.00689655
89 	84    	0.00522409	0.00689655	0.0019305 	0.00689655
90 	84    	0.00524276	0.00689655	0.0019305 	0.00689655
91 	84    	0.00523438	0.00689655	0.0019305 	0.00689655
92 	92    	0.00491778	0.00324675	0.0019305 	0.00689655
93 	96    	0.00508777	0.00671625	0.0019305 	0.00689655
94 	92    	0.00502184	0.00489135	0.0019305 	0.00689655
95 	78    	0.00534748	0.00689655	0.0019305 	0.00689655
96 	90    	0.00517621	0.00689655	0.0019305 	0.00689655
97 	96    	0.00503548	0.00507165	0.0019305 	0.00689655
98 	100   	0.00498694	0.00326797	0.0019305 	0.00719424
99 	88    	0.00520081	0.00671625	0.0019305 	0.00689655
100	88    	0.0052213 	0.00671625	0.00226244	0.00689655
prog2(move, all_safe(all_bombs(flag_all, reveal_all), all_safe(reveal_all, flag_all)))
Agent at: (0,0) With board of size 10x10 and 10 bombs
0️0️0️0️0️0️0️1️⃣⏹️⏹️
1️⃣1️⃣1️⃣0️0️1️⃣1️⃣2️⃣⏹️⏹️
⏹️⏹️1️⃣0️0️1️⃣⏹️⏹️⏹️⏹️
⏹️⏹️1️⃣0️0️2️⃣⏹️⏹️⏹️⏹️
⏹️⏹️2️⃣1️⃣1️⃣1️⃣⏹️⏹️⏹️⏹️
⏹️⏹️⏹️⏹️⏹️⏹️⏹️⏹️⏹️⏹️
⏹️⏹️⏹️⏹️⏹️⏹️⏹️⏹️⏹️⏹️
⏹️⏹️⏹️⏹️⏹️⏹️⏹️⏹️⏹️⏹️
⏹️⏹️⏹️⏹️⏹️⏹️⏹️⏹️⏹️⏹️
⏹️⏹️⏹️⏹️⏹️⏹️⏹️⏹️⏹️⏹️
Agent at: (7,3) With board of size 10x10 and 10 bombs
0️0️0️0️0️0️0️1️⃣✡️✡️
1️⃣1️⃣1️⃣0️0️1️⃣1️⃣2️⃣✡️1️⃣
1️⃣✡️1️⃣0️0️1️⃣✡️1️⃣0️0️
1️⃣1️⃣1️⃣0️0️2️⃣2️⃣2️⃣0️0️
1️⃣1️⃣2️⃣1️⃣1️⃣1️⃣✡️1️⃣0️0️
✡️✡️✡️✡️3️⃣2️⃣1️⃣1️⃣0️0️
⏹️✡️✡️✡️✡️✡️0️0️0️0️
⏹️⏹️2️⃣3️⃣2️⃣1️⃣0️0️1️⃣1️⃣
⏹️⏹️☪️1️⃣0️0️0️0️1️⃣⏹️
⏹️⏹️⏹️1️⃣0️0️0️0️1️⃣⏹️
First with 10 10 10 100 100 10 0.9 0.0 Got 2.4 % with score of 7.383888355608063e-05
Time in seconds:  84715.57 , time in hours:  23.53